356	1102
100
100
100
0.10362780356103805
0
0
0
0
0
0
0
0.085918201062423927
0
0
0
0
0
0
0
0.085811828675340332
0
0
0
0
0
0
0
0.14025630102119663
0
0
0
0
0
0
0
0.10948517851421544
0
0
0
0
0
0
0
0.082521336278044088
0
0
0
0
0
0
0
0.084795241127676252
0
0
0
0
0
0
0
0.092790524006925987
0
0
0
0
0
0
0
0.10161726976723641
0
0
0
0
0
0
0
0.11745586196854751
0
0
0
0
0
0
0
0.095151431346231191
0
0
0
0
0
0
0
0.075602539669778215
0
0
0
0
0
0
0
0.13290260674537671
0
0
0
0
0
0
0
0.15217133369460561
0
0
0
0
0
0
0
0.16414189747831054
0
0
0
0
0
0
0
0.11864891887078627
0
0
0
0
0
0
0
0.12254393807859937
0
0
0
0
0
0
0
0.1134427128267107
0
0
0
0
0
0
0
0.10334430290062031
0
0
0
0
0
0
0
0.11530479401353638
0
0
0
0
0
0
0
0.12693028128132383
0
0
0
0
0
0
0
0.11560378985454585
0
0
0
0
0
0
0
0.1306756746380138
0
0
0
0
0
0
0
0.1443637681887833
0
0
0
0
0
0
0
0.10362780349368744
0.140256300953846
0.084795241195026863
0.11745586190119686
0.13290260667802609
0.11864891893813689
0.10334430296797094
0.11560378992189647
0.08336517395021241
0.085918200997075964
0.1094851784488674
0.092790524072273936
0.0951514312808832
0.15217133362925767
0.12254393814394735
0.11530479407888433
0.13067567470336178
0.095958924645448349
0.085811828620579386
0.082521336223283157
0.1016172698585049
0.075602539615017283
0.16414189742354962
0.11344271277194898
0.12693028137259235
0.14436376828005187
0.10556836583447247
1.6284075986209381
1.6306923592956699
1.6324370417336118
10.274110080443569
1.9166342668818446
10.334780662295874
1.9040405161802443
11.081462738492744
1.8944310750064948
0.20382953304923149
0.24410978191174376
0.20644786828703518
0.21295245752673594
0.32740124397443882
0.25997624940132474
0.25357099565495045
0.28566467059074202
0
0
0
0
0
0
0
0
0
0
0
0
0
0
0
0
0
0
0
0
0
0
0
0
0
0
0
0
0
0
0
0
0
0
0
0
0
0
0
0
0
0
0
0
0
0
0
0
0
0
0
0
0
0
0
0
0
0
0
0
0
0
0
0
0
0
0
0
0
0
0
0
0
0
0
0
0
0
0
0
0
0
0
0
0
0
0
0
0
0
0
0
0
0
0
0
0
0
0
0
0
0
0
0
0
0
0
0
0
0
0
0
0
0
0
0
0
1.0101009991869038e-13
1.0101009989030774e-13
1.0101009996207091e-13
9.6499194835378298e-11
0.80450835929776388
1.2105806353468773
0.80450835922866992
0.80450835923698671
1.2105806353764337
1.2105806353831601
1.2105806353353978
1.1638976855176252e-10
0.80444899706814599
1.2031891753152306
0.80444899705263684
0.8044489971003479
1.2031891753220552
1.2031891753194868
1.2031891752869097
1.1653403240829186e-10
0.80440377892754122
1.2298044079182393
0.80440377892446591
0.8044037788867503
0.80440384792904374
1.2298044076157628
1.2298044076013708
7.1298042018119181e-11
0.8045083591663732
1.2105806353143529
0.80450835916892116
0.80450835912970764
1.210580635337934
1.2105806353200512
1.210580635288329
9.1336560386321053e-11
0.80444899705646311
1.2031891753417008
0.80444899705250728
0.8044489970543196
1.2031891753417756
1.2031891753161355
1.2031891752994821
1.2118076042203609e-10
0.80440377889561931
1.2298044079938373
0.80440377892555615
0.80440377875309821
0.80440384804537401
1.2298044076007706
1.2298044076195787
1.1793112671082641e-10
0.39843608281487392
0.39843608297920813
0.39843608284201559
0.39843608297376099
0.80450835920158026
0.80450835923476238
0.80450835921252362
1.0776960872912017e-10
0.4057088185206999
0.4057088186197626
0.40570881854462354
0.40570881870411096
0.80444899701155326
0.80444899703448203
0.80444899702640238
9.840845249987836e-11
0.37900314921323336
0.37900314948125757
0.37900314935999235
0.37900314954154152
0.37900321867193992
0.80440377853131917
0.80440377857141998
8.5138361921018107e-11
0.80450835924215214
0.8045083593140594
1.2105806353662811
0.80450835921579367
1.2105806353958983
1.2105806354173891
1.2105806353795796
1.0509562971646001e-10
0.80444899707771467
0.80444899708943773
1.2031891753401198
0.80444899708582818
1.2031891753465445
1.203189175358564
1.2031891753359143
1.3227066374054055e-10
0.80440377894324211
0.80440377897701199
1.2298044079630468
0.80440377881473124
0.80440384800092835
1.2298044076746231
1.2298044076831067
7.5243066341452185e-11
0.80450835915313423
0.80450835917513541
1.2105806353457349
0.80450835911671503
1.2105806353166013
1.2105806353828124
1.2105806353667801
6.57153974655143e-11
0.80444899695351457
0.8044489969193267
1.2031891752822887
0.80444899691416194
1.203189175233417
1.2031891752869102
1.2031891752845596
6.092289142998857e-11
0.80440377867481727
0.80440377857154699
1.2298044079170278
0.80440377858673584
0.80440384764467066
1.2298044076493435
1.2298044077139529
8.4282257619317927e-11
0.39843608297140842
0.3984360831033254
0.80450835923941555
0.39843608299542493
0.39843608291220883
0.80450835920393504
0.80450835918378794
8.160337390584524e-11
0.40570881869341202
0.40570881876228548
0.80444899709176287
0.40570881871291203
0.40570881866785469
0.80444899702671857
0.8044489970210329
8.8150251904977747e-11
0.80440370961028829
0.80440370970835817
1.229804338946193
0.80440370963715846
0.8044037096611597
1.2298043384914792
1.2298043385302413
9.6763907788021673e-11
0.39843608282702087
0.39843608291097965
0.80450835921310848
0.39843608285112631
0.39843608302825162
0.80450835914476049
0.80450835922209574
8.6726651853364478e-11
0.40570881856201196
0.40570881857325286
0.80444899707515372
0.4057088185755745
0.40570881878711346
0.80444899698938033
0.80444899706553785
7.8783394881623566e-11
0.37900314963901527
0.37900314965669712
0.80440377922670725
0.37900314968745197
0.37900315000380574
0.37900321861641328
0.80440377899526216
8.6502343314028134e-11
0.39843608282486609
0.39843608292795646
0.80450835924491393
0.39843608285650345
0.39843608307909423
0.80450835917858843
0.80450835927596043
7.6525327916625297e-11
0.40570881855423802
0.40570881858058083
0.80444899709246465
0.40570881857684954
0.40570881882366511
0.80444899700819206
0.80444899709098261
6.9269448378248241e-11
0.37900314957410353
0.37900314962097098
0.80440377921224826
0.37900314964022808
0.37900315002528212
0.3790032185387841
0.8044037789414834
9.6499185163252176e-11
7.1298036828000277e-11
1.1793114111043076e-10
8.5138353922216119e-11
7.5243060405391317e-11
8.4282265303931904e-11
9.6763917423992765e-11
8.6502351335886128e-11
1.1995414826581777e-10
1.1638975500515302e-10
9.1336551865135896e-11
1.077696202504648e-10
1.0509561837480341e-10
6.5715392980463677e-11
8.1603380893472076e-11
8.6726659458066397e-11
7.6525333927037087e-11
1.0421124102378484e-10
1.1653402811656286e-10
1.2118075721450926e-10
9.8408475934315189e-11
1.3227066079800641e-10
6.0922889642420247e-11
8.8150205945484949e-11
7.8783409263471457e-11
6.9269461391351687e-11
9.4725330425802824e-11
6.1409685261452447e-12
6.1323644246974325e-12
6.1258103019444148e-12
9.7332028539632491e-13
0
9.6760638625547859e-13
0
9.0240788666088099e-13
0
4.906061173070944e-11
4.0965180852133186e-11
4.8438387733190066e-11
4.6958845600441447e-11
3.0543563883060024e-11
3.8465061538197759e-11
3.9436694259363967e-11
3.500608487145913e-11
7190.8139804973116
7190.8139804973116
7190.8139804973116
7190.8139804973116
7190.8139804973116
7190.8139804973116
7190.8139804973116
7190.8139804973116
7190.8139804973116
7190.8139804973116
7190.8139804973116
7190.8139804973116
7190.8139804973116
7190.8139804973116
7190.8139804973116
7190.8139804973116
7190.8139804973116
7190.8139804973116
7190.8139804973116
7190.8139804973116
7190.8139804973116
8659.3234217310455
8659.3234217310455
7190.8139804973116
7190.8139804973116
7190.8139804973116
7190.8139804973116
7190.8139804973116
7190.8139804973116
8659.3234217310455
7190.8139804973116
7190.8139804973116
7190.8139804973116
7190.8139804973116
7190.8139804973116
7190.8139804973116
7190.8139804973116
7190.8139804973116
7190.8139804973116
7190.8139804973116
7190.8139804973116
7190.8139804973116
7190.8139804973116
7190.8139804973116
7190.8139804973116
7190.8139804973116
7190.8139804973116
7190.8139804973116
7190.8139804973116
7190.8139804973116
7190.8139804973116
7190.8139804973116
7190.8139804973116
7190.8139804973116
7190.8139804973116
7190.8139804973116
7190.8139804973116
7190.8139804973116
7190.8139804973116
7190.8139804973116
7190.8139804973116
7190.8139804973116
7190.8139804973116
7190.8139804973116
7190.8139804973116
7190.8139804973116
7190.8139804973116
7190.8139804973116
7190.8139804973116
7190.8139804973116
7190.8139804973116
7190.8139804973116
8659.3234217310455
8659.3234217310455
8659.3234217310455
7190.8139804973116
7190.8139804973116
7190.8139804973116
7190.8139804973116
7190.8139804973116
7190.8139804973116
7190.8139804973116
7190.8139804973116
7190.8139804973116
7190.8139804973116
7190.8139804973116
7190.8139804973116
7190.8139804973116
7190.8139804973116
7190.8139804973116
7190.8139804973116
7190.8139804973116
7190.8139804973116
7190.8139804973116
7190.8139804973116
7190.8139804973116
7190.8139804973116
7190.8139804973116
7190.8139804973116
7190.8139804973116
7190.8139804973116
7190.8139804973116
7190.8139804973116
7190.8139804973116
7190.8139804973116
8659.3234217310455
8659.3234217310455
7190.8139804973116
7190.8139804973116
7190.8139804973116
7190.8139804973116
7190.8139804973116
7190.8139804973116
7190.8139804973116
7190.8139804973116
7190.8139804973116
8659.3234217310455
0.0099999998892206354
0.0099999998892031979
0.0099999998897178557
1.1156079878843556e-11
9.9999997837350419e-12
9.9999997902734135e-12
9.9999997837760907e-12
9.9999997837076415e-12
9.9999997902786868e-12
9.9999997903176159e-12
9.9999997903859617e-12
1.0939939772200541e-11
9.9999997838774203e-12
9.9999997900571058e-12
9.999999783906656e-12
9.9999997836064153e-12
9.9999997902651417e-12
9.9999997900443103e-12
9.9999997901547906e-12
1.0938666941715564e-11
9.9999997829159263e-12
9.9999997916828776e-12
9.9999997836496613e-12
9.9999997809854677e-12
9.9999997649546299e-12
9.9999997910948297e-12
9.9999997916097496e-12
1.1631373209170093e-11
9.9999997850235566e-12
9.9999997903612239e-12
9.9999997841640901e-12
9.9999997839869442e-12
9.9999997904546177e-12
9.999999790505722e-12
9.9999997904720661e-12
1.1229459165869411e-11
9.9999997847165951e-12
9.9999997901712825e-12
9.9999997841830636e-12
9.9999997838339417e-12
9.999999790461959e-12
9.9999997901925307e-12
9.999999790277265e-12
1.0899435955106498e-11
9.999999786153718e-12
9.9999997923505674e-12
9.9999997850374636e-12
9.9999997806734913e-12
9.9999997672601115e-12
9.9999997912915694e-12
9.9999997917791924e-12
1.0926516543426449e-11
9.9999997643223537e-12
9.9999997649384481e-12
9.9999997627257917e-12
9.9999997648296739e-12
9.999999784469113e-12
9.999999784480099e-12
9.9999997843449842e-12
1.1022812484652461e-11
9.9999997652097892e-12
9.9999997653237851e-12
9.99999976453375e-12
9.9999997649936624e-12
9.9999997848327623e-12
9.9999997842029159e-12
9.9999997842951724e-12
1.1131113320615161e-11
9.9999997610061091e-12
9.9999997879851734e-12
9.9999997803843917e-12
9.9999997687253585e-12
9.9999996365251721e-12
9.9999997825362762e-12
9.9999997831734638e-12
1.1330877841435607e-11
9.9999997846756755e-12
9.9999997837621579e-12
9.9999997903647652e-12
9.999999783922786e-12
9.9999997904153267e-12
9.9999997903767852e-12
9.9999997903666781e-12
1.1051572793989635e-11
9.999999784471853e-12
9.9999997838578782e-12
9.9999997901498017e-12
9.9999997837648721e-12
9.9999997903842815e-12
9.9999997900697978e-12
9.9999997901648977e-12
1.0817857433584469e-11
9.9999997849376591e-12
9.9999997831611595e-12
9.9999997919899942e-12
9.9999997799602549e-12
9.9999997655207833e-12
9.999999790868208e-12
9.9999997914646311e-12
1.153272965832878e-11
9.999999785241648e-12
9.9999997841453752e-12
9.9999997903758288e-12
9.9999997843094671e-12
9.9999997905056703e-12
9.9999997904940898e-12
9.9999997904388496e-12
1.179483570344897e-11
9.9999997845765172e-12
9.9999997842779826e-12
9.9999997902675715e-12
9.9999997843925212e-12
9.9999997905531815e-12
9.9999997902775752e-12
9.9999997903178227e-12
1.1963753086956294e-11
9.9999997871302306e-12
9.9999997830789584e-12
9.9999997925913545e-12
9.9999997843920042e-12
9.9999997661656998e-12
9.9999997920422617e-12
9.999999792306184e-12
1.1346216232819733e-11
9.9999997638047196e-12
9.9999997640161159e-12
9.999999783739307e-12
9.9999997625739524e-12
9.9999997649113838e-12
9.9999997840402457e-12
9.9999997839809213e-12
1.1396581977487335e-11
9.9999997647793968e-12
9.9999997650815245e-12
9.9999997834028772e-12
9.9999997654931244e-12
9.9999997654613814e-12
9.9999997836360129e-12
9.9999997837055994e-12
1.1279586130321755e-11
9.999999799360432e-12
9.9999997993051401e-12
9.9999997976838402e-12
9.9999997993021933e-12
9.9999997992041465e-12
9.9999997973855899e-12
9.999999797523755e-12
1.1152552727622971e-11
9.9999997638393319e-12
9.9999997667177395e-12
9.99999978377896e-12
9.999999764462018e-12
9.9999997651747374e-12
9.9999997841832962e-12
9.999999783790463e-12
1.1303327828334236e-11
9.9999997645296917e-12
9.9999997651364286e-12
9.9999997839879265e-12
9.9999997644581147e-12
9.9999997648004899e-12
9.9999997846895566e-12
9.9999997840595293e-12
1.1453839001575568e-11
9.9999997666827911e-12
9.9999997667952877e-12
9.9999997860565243e-12
9.9999997678929305e-12
9.9999997690906363e-12
9.9999996584322234e-12
9.9999997844744121e-12
1.1307149248696827e-11
9.9999997624466182e-12
9.9999997657704884e-12
9.9999997838273501e-12
9.9999997625622426e-12
9.9999997645757036e-12
9.9999997841782556e-12
9.9999997839360985e-12
1.1503186615530507e-11
9.9999997645237722e-12
9.9999997649593086e-12
9.9999997839236132e-12
9.9999997642812273e-12
9.9999997646899579e-12
9.9999997845140392e-12
9.999999783847952e-12
1.1687209628433667e-11
9.9999997677651569e-12
9.9999997671386969e-12
9.9999997859707818e-12
9.9999997681369488e-12
9.9999997674665447e-12
9.9999996245701116e-12
9.9999997836864192e-12
1.1156080007517963e-11
1.1631373347423871e-11
1.0926516420623396e-11
1.1330877982092087e-11
1.1532729797567136e-11
1.1346216094189975e-11
1.1152552600188741e-11
1.1307149112210708e-11
1.0909469769699458e-11
1.0939939891097285e-11
1.1229459293933746e-11
1.1022812364575408e-11
1.1051572918370664e-11
1.1794835847870802e-11
1.1396581841918714e-11
1.130332769943649e-11
1.150318647986053e-11
1.1061444217434678e-11
1.0938666982704716e-11
1.0899435984227081e-11
1.1131113025696916e-11
1.0817857456310455e-11
1.1963753161979844e-11
1.1279586906045685e-11
1.1453838700268982e-11
1.1687209262843721e-11
1.118028431935421e-11
0
0
0
0
0
0
0
0
0
1.2560123392153306e-11
1.3229433427103327e-11
1.2601565548534334e-11
1.2705711860526473e-11
1.4867704179623241e-11
1.3513078330447456e-11
1.3397120292004235e-11
1.3999026351678368e-11
9.9999997999838159e-12
9.9999997999838159e-12
9.9999997999838159e-12
9.9999997999838159e-12
9.9999997999838159e-12
9.9999997999838159e-12
9.9999997999838159e-12
9.9999997999838159e-12
9.9999997999838159e-12
9.9999997999838159e-12
9.9999997999838159e-12
9.9999997999838159e-12
9.9999997999838159e-12
9.9999997999838159e-12
9.9999997999838159e-12
9.9999997999838159e-12
9.9999997999838159e-12
9.9999997999838159e-12
9.9999997999838159e-12
9.9999997999838159e-12
9.9999997999838159e-12
9.9999997999779998e-12
9.9999997999779998e-12
9.9999997999838159e-12
9.9999997999838159e-12
9.9999997999838159e-12
9.9999997999838159e-12
9.9999997999838159e-12
9.9999997999838159e-12
9.9999997999779998e-12
9.9999997999838159e-12
9.9999997999838159e-12
9.9999997999838159e-12
9.9999997999838159e-12
9.9999997999838159e-12
9.9999997999838159e-12
9.9999997999838159e-12
9.9999997999838159e-12
9.9999997999838159e-12
9.9999997999838159e-12
9.9999997999838159e-12
9.9999997999838159e-12
9.9999997999838159e-12
9.9999997999838159e-12
9.9999997999838159e-12
9.9999997999838159e-12
9.9999997999838159e-12
9.9999997999838159e-12
9.9999997999838159e-12
9.9999997999838159e-12
9.9999997999838159e-12
9.9999997999838159e-12
9.9999997999838159e-12
9.9999997999838159e-12
9.9999997999838159e-12
9.9999997999838159e-12
9.9999997999838159e-12
9.9999997999838159e-12
9.9999997999838159e-12
9.9999997999838159e-12
9.9999997999838159e-12
9.9999997999838159e-12
9.9999997999838159e-12
9.9999997999838159e-12
9.9999997999838159e-12
9.9999997999838159e-12
9.9999997999838159e-12
9.9999997999838159e-12
9.9999997999838159e-12
9.9999997999838159e-12
9.9999997999838159e-12
9.9999997999838159e-12
9.9999997999779998e-12
9.9999997999779998e-12
9.9999997999779998e-12
9.9999997999838159e-12
9.9999997999838159e-12
9.9999997999838159e-12
9.9999997999838159e-12
9.9999997999838159e-12
9.9999997999838159e-12
9.9999997999838159e-12
9.9999997999838159e-12
9.9999997999838159e-12
9.9999997999838159e-12
9.9999997999838159e-12
9.9999997999838159e-12
9.9999997999838159e-12
9.9999997999838159e-12
9.9999997999838159e-12
9.9999997999838159e-12
9.9999997999838159e-12
9.9999997999838159e-12
9.9999997999838159e-12
9.9999997999838159e-12
9.9999997999838159e-12
9.9999997999838159e-12
9.9999997999838159e-12
9.9999997999838159e-12
9.9999997999838159e-12
9.9999997999838159e-12
9.9999997999838159e-12
9.9999997999838159e-12
9.9999997999838159e-12
9.9999997999838159e-12
9.9999997999779998e-12
9.9999997999779998e-12
9.9999997999838159e-12
9.9999997999838159e-12
9.9999997999838159e-12
9.9999997999838159e-12
9.9999997999838159e-12
9.9999997999838159e-12
9.9999997999838159e-12
9.9999997999838159e-12
9.9999997999838159e-12
9.9999997999779998e-12
1.1532643770325413e-11
1.159535845165387e-11
1.1537076780032854e-11
1.154867974189452e-11
1.1681767322603332e-11
1.1614059133363021e-11
1.1607006106189128e-11
1.1642875009996067e-11
0.61409686423514942
0.61323645401866567
0.61258105179209643
7190.8139804973016
7190.8139804973016
7190.8139804973016
7190.8139804973016
7190.8139804973016
7190.8139804973016
7190.8139804973016
7190.8139804973016
7190.8139804973016
7190.8139804973016
7190.8139804973016
7190.8139804973016
7190.8139804973016
7190.8139804973016
7190.8139804973016
7190.8139804973016
7190.8139804973016
7190.8139804973016
7190.8139804973016
7190.8139804973016
7190.8139804973016
4329.6617108654827
4329.6617108654827
4329.6617108655519
7190.8139804973016
7190.8139804973016
7190.8139804973016
7190.8139804973016
7190.8139804973016
7190.8139804973016
4329.6617108654827
4329.6617108655519
4329.6617108655519
7190.8139804973016
7190.8139804973016
7190.8139804973016
7190.8139804973016
7190.8139804973016
7190.8139804973016
7190.8139804973016
7190.8139804973016
7190.8139804973016
0.0040957686531926723
-8.5171547928025713e-13
-6.2607443562036667e-13
-8.9431497227887295e-13
-5.5832746781429157e-13
-9.563528142210705e-13
-7.3183277000975518e-13
-6.1420247501369913e-13
-9.0255957687758337e-13
0.20303588814937257
0.0055434674992876345
3.3201271000326383e-13
-6.0729146191035913e-13
-7.9996502142945613e-13
-5.1506520940472429e-13
-1.181615806170004e-12
-5.8552989140470585e-13
-6.2060506351365016e-13
-6.991656463212923e-13
0.20303588808029799
-7.9711083533640864e-13
0.0033514334849401172
-2.3456094368634601e-12
-1.8882655405158604e-12
-2.2830161684506694e-12
-1.8151029272028178e-12
-7.2980892262060919e-13
-6.9814306250312964e-13
-6.7395459815719609e-13
-0.20303638804327276
0.0046423066114467991
-9.2568037393437363e-13
-5.4891315192772193e-13
-5.182830765179308e-13
-8.774856879345817e-13
-1.1077614667167557e-12
-6.6360576590748916e-13
-3.3344617258584937e-13
-4.5930954580836467e-13
0.20303588815522411
0.0052528212688279247
-1.2203623742481381e-13
-9.0313013007334152e-13
-1.1738086822592295e-12
-7.7805808486529659e-13
-1.0905493700396839e-12
-6.286613117338575e-13
-6.5608880799121499e-13
-6.0048949591037918e-13
0.20303588809834983
-8.7478407580895595e-13
0.0046894608032053307
-1.6698316559489486e-12
-1.1341582367959088e-12
-7.4578985409455868e-13
-1.4656290190204046e-12
-1.9421584094186991e-12
-1.0586419132417127e-12
-1.0336245701678431e-12
-0.20303638802789326
-1.0061158932102029e-12
0.0040845636215264842
-1.9608843005540964e-12
-1.8382124110911348e-12
-7.1208518387382326e-13
-1.5085970463406759e-12
-1.371718754268375e-12
-1.0526631789774211e-12
-4.8428442465076112e-13
-0.20303638805734978
-8.9792591864087664e-13
0.0045691056133699256
-2.4716301522931827e-12
-1.9988251569352163e-12
-6.8336484264200389e-13
-1.7907758026596064e-12
-1.1768245939300752e-12
-1.0257142345293918e-12
-4.8342001575800592e-13
-0.20303638803221544
0.0098227743682900749
-1.0075447460045082
-1.0075442472783813
-0.69314718055930058
7190.8139804973016
7190.8139804973016
7190.8139804973016
7190.8139804973016
7190.8139804973016
7190.8139804973016
7190.8139804973016
7190.8139804973016
7190.8139804973016
7190.8139804973016
7190.8139804973016
7190.8139804973016
7190.8139804973016
7190.8139804973016
7190.8139804973016
7190.8139804973016
7190.8139804973016
7190.8139804973016
7190.8139804973016
7190.8139804973016
7190.8139804973016
7190.8139804973016
7190.8139804973016
7190.8139804973016
7190.8139804973016
7190.8139804973016
7190.8139804973016
7190.8139804973016
7190.8139804973016
7190.8139804973016
7190.8139804973016
7190.8139804973016
7190.8139804973016
4329.6617108654827
4329.6617108654827
4329.6617108655519
4329.6617108654827
4329.6617108655519
4329.6617108655519
7190.8139804973016
7190.8139804973016
7190.8139804973016
0.0033149265459046628
-8.178655140328758e-13
-5.5619067789756508e-13
-8.4053327566695559e-13
-4.8915284348650301e-13
-8.920596265999098e-13
-6.6451997688583373e-13
-5.7456778612344159e-13
-8.4901204152274138e-13
0.19937086888881003
0.0042241960394564498
-8.4516509606731167e-13
-5.4395819205834255e-13
-7.4024563898058111e-13
-4.4710485856592533e-13
-1.121350489972054e-12
-5.1758053395824103e-13
-5.8237091097876345e-13
-6.51787932293307e-13
0.19937086887967426
-7.1378525319295676e-13
0.0035800769527941771
-2.230177086530918e-12
-1.8038768569377964e-12
-2.1234499242689341e-12
-1.7405123311186376e-12
-6.5403990655075897e-13
-6.3584714827852318e-13
-6.0705234821297935e-13
-0.19936930943822459
0.003671166315922297
-1.0833549867862549e-12
-4.8323811010988907e-13
-4.4970842594902295e-13
-8.2055192917047791e-13
-1.0469869940820789e-12
-5.9669885929208476e-13
-3.0596683466134661e-13
-4.221644538123894e-13
0.1993708689004921
0.005871128437123365
-6.0294340640410601e-14
-8.5839878123145989e-13
-1.0994700102429743e-12
-7.1463169226837505e-13
-1.0190451001620012e-12
-5.7175219753189704e-13
-5.9436548595959163e-13
-5.3536879729140605e-13
0.19937086880689978
-5.4766817756618849e-14
0.0047280337406011399
-1.5674975844448352e-12
-1.044256724331472e-12
-6.8535016064568664e-13
-1.3139579105762087e-12
-1.859338035488393e-12
-1.0077247751373564e-12
-9.7685173149646611e-13
-0.19936930940135961
-7.0196935808435613e-13
0.0044487305136364577
-1.8722815986066755e-12
-1.8643929924834651e-12
-6.4012201285244463e-13
-1.4672908820291375e-12
-1.3143339850261883e-12
-9.6370480447030331e-13
-4.1487878869557169e-13
-0.19936930942130968
-6.0696338811444697e-13
0.0050417752884819485
-2.288772888790944e-12
-1.9835324555895158e-12
-6.1380766096332425e-13
-1.661850972768551e-12
-1.1063979144415523e-12
-9.4445234983780739e-13
-4.1613464910043222e-13
-0.19936930941037415
0.01117166808595489
-1.0038183052381118
-1.003819865828885
-0.69314718055930391
7190.8139804973016
7190.8139804973016
7190.8139804973016
7190.8139804973016
7190.8139804973016
7190.8139804973016
7190.8139804973016
7190.8139804973016
7190.8139804973016
7190.8139804973016
7190.8139804973016
7190.8139804973016
7190.8139804973016
7190.8139804973016
7190.8139804973016
7190.8139804973016
7190.8139804973016
7190.8139804973016
7190.8139804973016
7190.8139804973016
7190.8139804973016
7190.8139804973016
7190.8139804973016
7190.8139804973016
7190.8139804973016
7190.8139804973016
7190.8139804973016
4329.6617108654827
4329.6617108654827
4329.6617108655519
7190.8139804973016
7190.8139804973016
7190.8139804973016
7190.8139804973016
7190.8139804973016
7190.8139804973016
7190.8139804973016
7190.8139804973016
7190.8139804973016
4329.6617108654827
4329.6617108655519
4329.6617108655519
0.0032941865796117997
-1.9710466107750233e-12
-3.2360802905691142e-12
-3.3454747729410915e-12
-3.1577168739747838e-12
-3.6488798533175626e-12
-4.22106138310233e-12
-2.6796347865019164e-12
-3.3860938876405557e-12
0.17015337246663398
0.0031678695429472564
-8.3666861235095029e-13
-3.1888847741507254e-12
-3.3135042940831492e-12
-3.1061408644142062e-12
-3.9429730660881817e-12
-3.661689204195117e-12
-2.7095642080173144e-12
-2.8770921861719081e-12
0.17015337244692538
-7.2648303576475619e-12
0.003900933611873695
-5.0600533206327876e-12
-3.5064819477188323e-12
-3.9883533366058521e-12
-4.2561441765418821e-12
-6.5687625728256461e-12
-3.3348604189950517e-12
-3.2933153262885673e-12
-0.25524725679916466
0.0029022673844766966
-1.1803675117846741e-12
-3.1442378627354984e-12
-3.1211620858347432e-12
-3.3934752244224174e-12
-3.8822591276115239e-12
-3.9741075703156638e-12
-1.9987092616406341e-12
-2.2817263011328211e-12
0.1701533724750946
0.0063011596890707984
-5.5247794462212858e-13
-3.4356811207683173e-12
-3.8244063380893474e-12
-3.2868622862060772e-12
-3.6849245093328961e-12
-4.0103908211026589e-12
-3.2107153424377844e-12
-3.1572508288395258e-12
0.17015337234664027
0.0043548938081614955
7.0820421726194023e-10
-3.0123703034082678e-12
-3.0023924018083451e-12
-3.0379275953556531e-12
-3.0090309323945163e-12
-2.3295490484857746e-12
-3.0979760799357106e-12
-3.0878509712186038e-12
0.17015330326540748
-4.4355669889833918e-12
0.0048726619136262488
-3.9220552004034396e-12
-3.9636086978546982e-12
-3.2648615417219306e-12
-3.0415749768174503e-12
-3.8599096572806366e-12
-8.9065506034159932e-12
-3.0782930082104525e-12
-0.25524725645620433
-5.0517263590317309e-12
0.0055419071624963952
-4.7265001267350333e-12
-4.173847963404806e-12
-3.2424644076661815e-12
-3.4000421335063059e-12
-3.7109661028214853e-12
-1.0023630397335784e-11
-3.0829702570490638e-12
-0.25524725648486224
0.011715821689553558
-1.0596510341130512
-0.97455715127356435
-0.69314718055912183
1.651321415768583e-09
